1 -260.615 -496.98249999999996
2 -135.4975 -477.16999999999996
3 -24.057499999999997 -461.7325
4 110.46 -437.78499999999997
5 217.3225 -428.54749999999996
6 361.4075 -398.255
7 -339.1875 -399.74
8 -227.70499999999998 -386.1025
9 -80.63 -361.08500000000004
10 29.81 -341.1075
11 134.88 -348.4325
12 283.9375 -300.985
13 389.77750000000003 -287.045
14 -392.73 -339.7925
15 -266.2825 -309.9
16 -177.6325 -265.98
17 -35.6725 -244.5575
18 71.03 -225.4525
19 215.135 -185.67249999999999
20 308.375 -224.66500000000002
21 437.33500000000004 -209.85
22 -471.58 -242.6025
23 -385.145 -191.75
24 -223.42 -180.12
25 -100.42 -160.245
26 17.205000000000002 -132.63500000000002
27 130.2725 -107.4525
28 232.44000000000003 -92.84
29 359.06499999999994 -112.8725
30 520.9150000000001 -71.71000000000001
31 -550.7175 -145.4675
32 -447.6975 -88.4975
33 -302.56 -82.93
34 -178.7125 -63.4825
35 -81.44500000000001 -30.23
36 33.307500000000005 -55.082499999999996
37 148.0575 -26.86
38 313.55499999999995 -8.11
39 432.2675 -0.3225
40 526.315 23.28
41 -504.5075 -5.3
42 -381.3225 14.01
43 -258.025 33.8625
44 -133.22 33.85
45 -47.14 43.36000000000001
46 69.21249999999999 71.11
47 171.47750000000002 119.39000000000001
48 361.24750000000006 154.15250000000003
49 495.9925 132.21249999999998
50 600.4499999999999 144.0575
51 -457.555 96.395
52 -333.8775 116.035
53 -211.105 134.3825
54 -125.58250000000001 139.5025
55 16.2725 154.695
56 128.52749999999997 175.9625
57 244.9725 197.6075
58 396.7025 217.90249999999997
59 521.4375 238.49249999999998
60 -414.325 226.8625
61 -290.5775 228.365
62 -205.4425 238.09250000000003
63 -57.44500000000001 254.14249999999998
64 60.0375 271.7475
65 152.975 307.61
66 316.2625 314.74
67 435.67 331.995
68 -407.175 314.80500000000006
69 -283.46000000000004 333.805
70 -164.58 358.01
71 -17.247500000000002 368.9
72 120.0825 397.21250000000003
73 204.98749999999998 417.155
74 365.70500000000004 428.20500000000004
75 -356.925 422.79749999999996
76 -244.735 457.37750000000005
77 -92.4025 466.96000000000004
78 0.045000000000000207 499.1075
79 14.49 -91.1625
80 81.035 -44.24
81 82.3 38.7275
